Results for rand-20-40.txt


  8  3  0 12 16 18  4  9 10  5 15  6  7 19  1 17 13  2 14 11   V  E  R

  0  0  0  1  1  1  1  0  0  0  0  1  0  0  1  1  0  0  0  0   8  7  1
  0  0  0  0  1  0  0  1  0  0  1  0  1  0  0  0  1  0  0  0   3  5  1
  0  0  0  1  0  0  0  1  0  0  0  0  0  0  0  1  1  1  0  0   0  5  1
  1  0  1  0  0  0  0  0  0  0  0  1  1  0  0  0  0  0  1  0  12  5  1
  1  1  0  0  0  0  0  0  0  1  0  0  0  0  0  0  1  1  0  0  16  5  1
  1  0  0  0  0  0  0  1  1  0  1  0  0  1  0  0  0  0  0  0  18  5  1
  1  0  0  0  0  0  0  0  1  0  0  0  1  1  0  0  0  0  0  0   4  4  1
  0  1  1  0  0  1  0  0  0  0  0  0  0  0  0  0  0  0  1  0   9  4  1
  0  0  0  0  0  1  1  0  0  0  1  0  0  0  1  0  0  0  0  0  10  4  1
  0  0  0  0  1  0  0  0  0  0  1  1  0  0  0  0  0  1  0  0   5  4  1
  0  1  0  0  0  1  0  0  1  1  0  0  0  0  0  0  0  0  0  0  15  4  0
  1  0  0  1  0  0  0  0  0  1  0  0  0  0  0  0  0  0  0  1   6  4  1
  0  1  0  1  0  0  1  0  0  0  0  0  0  1  0  0  0  0  0  0   7  4  1
  0  0  0  0  0  1  1  0  0  0  0  0  1  0  0  1  0  0  0  0  19  4  1
  1  0  0  0  0  0  0  0  1  0  0  0  0  0  0  0  0  0  0  1   1  3  1
  1  0  1  0  0  0  0  0  0  0  0  0  0  1  0  0  0  0  0  0  17  3  0
  0  1  1  0  1  0  0  0  0  0  0  0  0  0  0  0  0  0  0  0  13  3  0
  0  0  1  0  1  0  0  0  0  1  0  0  0  0  0  0  0  0  0  0   2  3  0
  0  0  0  1  0  0  0  1  0  0  0  0  0  0  0  0  0  0  0  0  14  2  0
  0  0  0  0  0  0  0  0  0  0  0  1  0  0  1  0  0  0  0  0  11  2  0

 Edge Count: 40

  1  1  1  1  1  1  1  1  1  1  1  1  1  1  1  1  1  1  1  1

  8  3  0 12 16 18  4  9 10  5 15  6  7 19  1 17 13  2 14 11   V  E  R


 Required vertices: 

  8
  3
  0
  12
  16
  18
  4
  9
  10
  5
  6
  7
  19
  1

 Total number of required vertices: 14

Run time: 0:01.522
