
  1  3  8 11 17 18 20 23 24 10  0 12 13 15 16  4  6 19  7  2  9 21 22  5 14   V  E  R

  0  0  1  1  0  0  0  0  1  0  0  0  0  0  0  1  0  0  0  0  0  0  0  0  0   1  4  0
  0  0  1  1  0  0  0  1  0  0  0  0  0  0  0  0  0  0  1  0  0  0  0  0  0   3  4  0
  1  1  0  0  1  0  1  0  0  0  0  0  0  0  0  0  0  0  0  0  0  0  0  0  0   8  4  1
  1  1  0  0  0  0  0  0  0  0  1  0  0  0  1  0  0  0  0  0  0  0  0  0  0  11  4  0
  0  0  1  0  0  1  0  1  0  0  0  0  0  0  0  0  1  0  0  0  0  0  0  0  0  17  4  0
  0  0  0  0  1  0  1  0  0  0  0  0  1  0  0  0  0  1  0  0  0  0  0  0  0  18  4  0
  0  0  1  0  0  1  0  0  1  0  0  1  0  0  0  0  0  0  0  0  0  0  0  0  0  20  4  0
  0  1  0  0  1  0  0  0  0  0  0  0  0  0  0  0  0  0  0  1  1  0  0  0  0  23  4  0
  1  0  0  0  0  0  1  0  0  1  0  0  0  1  0  0  0  0  0  0  0  0  0  0  0  24  4  0
  0  0  0  0  0  0  0  0  1  0  0  0  0  0  0  1  0  0  0  0  0  0  0  1  0  10  3  0
  0  0  0  1  0  0  0  0  0  0  0  0  0  0  0  1  0  0  0  0  0  0  1  0  0   0  3  0
  0  0  0  0  0  0  1  0  0  0  0  0  0  1  0  0  0  1  0  0  0  0  0  0  0  12  3  0
  0  0  0  0  0  1  0  0  0  0  0  0  0  0  0  0  1  0  0  0  0  0  0  0  1  13  3  0
  0  0  0  0  0  0  0  0  1  0  0  1  0  0  0  0  0  0  0  0  0  0  0  1  0  15  3  1
  0  0  0  1  0  0  0  0  0  0  0  0  0  0  0  0  0  0  1  0  0  0  1  0  0  16  3  1
  1  0  0  0  0  0  0  0  0  1  1  0  0  0  0  0  0  0  0  0  0  0  0  0  0   4  3  1
  0  0  0  0  1  0  0  0  0  0  0  0  1  0  0  0  0  0  0  0  1  0  0  0  0   6  3  1
  0  0  0  0  0  1  0  0  0  0  0  1  0  0  0  0  0  0  0  0  0  0  0  0  1  19  3  1
  0  1  0  0  0  0  0  0  0  0  0  0  0  0  1  0  0  0  0  1  0  0  0  0  0   7  3  0
  0  0  0  0  0  0  0  1  0  0  0  0  0  0  0  0  0  0  1  0  0  1  0  0  0   2  3  1
  0  0  0  0  0  0  0  1  0  0  0  0  0  0  0  0  1  0  0  0  0  1  0  0  0   9  3  0
  0  0  0  0  0  0  0  0  0  0  0  0  0  0  0  0  0  0  0  1  1  0  0  0  0  21  2  0
  0  0  0  0  0  0  0  0  0  0  1  0  0  0  1  0  0  0  0  0  0  0  0  0  0  22  2  0
  0  0  0  0  0  0  0  0  0  1  0  0  0  1  0  0  0  0  0  0  0  0  0  0  0   5  2  0
  0  0  0  0  0  0  0  0  0  0  0  0  1  0  0  0  0  1  0  0  0  0  0  0  0  14  2  0

  1  1  1  1  1  1  1  1  1  1  1  1  1  1  1  1  1  1  1  1  1  1  1  1  1

  1  3  8 11 17 18 20 23 24 10  0 12 13 15 16  4  6 19  7  2  9 21 22  5 14   V  E  R


 Required vertices: 

  8
  15
  16
  4
  6
  19
  2

 Total number of required vertices: 7

Run time: 0:10.635
