Results for grid-20-31


  5 11 12 13 14 19  9 10  3  1  6  7 15 17 18  8 16  4  2  0   V  E  R

  0  1  0  0  1  0  0  0  0  0  1  1  0  0  0  0  0  0  0  0   5  4  1
  1  0  0  1  0  1  0  0  0  0  0  0  0  1  0  0  0  0  0  0  11  4  0
  0  0  0  1  0  1  0  0  0  0  0  0  0  0  1  1  0  0  0  0  12  4  1
  0  1  1  0  1  0  0  1  0  0  0  0  0  0  0  0  0  0  0  0  13  4  0
  1  0  0  1  0  0  0  0  0  1  0  0  1  0  0  0  0  0  0  0  14  4  0
  0  1  1  0  0  0  1  0  1  0  0  0  0  0  0  0  0  0  0  0  19  4  0
  0  0  0  0  0  1  0  0  0  0  0  0  0  1  0  0  0  0  0  1   9  3  1
  0  0  0  1  0  0  0  0  0  1  0  0  0  0  1  0  0  0  0  0  10  3  0
  0  0  0  0  0  1  0  0  0  0  0  0  0  0  0  1  0  0  0  1   3  3  0
  0  0  0  0  1  0  0  1  0  0  0  0  0  0  0  0  1  0  0  0   1  3  1
  1  0  0  0  0  0  0  0  0  0  0  0  1  0  0  0  0  0  1  0   6  3  1
  1  0  0  0  0  0  0  0  0  0  0  0  0  1  0  0  0  0  1  0   7  3  0
  0  0  0  0  1  0  0  0  0  0  1  0  0  0  0  0  1  0  0  0  15  3  0
  0  1  0  0  0  0  1  0  0  0  0  1  0  0  0  0  0  0  0  0  17  3  0
  0  0  1  0  0  0  0  1  0  0  0  0  0  0  0  0  0  1  0  0  18  3  0
  0  0  1  0  0  0  0  0  1  0  0  0  0  0  0  0  0  1  0  0   8  3  1
  0  0  0  0  0  0  0  0  0  1  0  0  1  0  0  0  0  0  0  0  16  2  0
  0  0  0  0  0  0  0  0  0  0  0  0  0  0  1  1  0  0  0  0   4  2  0
  0  0  0  0  0  0  0  0  0  0  1  1  0  0  0  0  0  0  0  0   2  2  0
  0  0  0  0  0  0  1  0  1  0  0  0  0  0  0  0  0  0  0  0   0  2  0

  1  1  1  1  1  1  1  1  1  1  1  1  1  1  1  1  1  1  1  1

  5 11 12 13 14 19  9 10  3  1  6  7 15 17 18  8 16  4  2  0   V  E  R


 Required vertices: 

  5
  12
  9
  1
  6
  8

 Total number of required vertices: 6

Run time: 0:00.04
