Results for rand-25-50.txt


  7  5  0  8 13 24 16 23 22  9 10 11 12  4 15  1 17 18 20 21  6  2  3 19 14   V  E  R

  0  0  1  0  0  1  1  0  0  1  0  0  0  0  1  0  0  0  1  0  1  0  0  0  1   7  8  1
  0  0  1  1  0  1  0  0  0  0  0  1  0  0  0  0  0  1  0  0  0  0  1  1  0   5  7  1
  1  1  0  1  0  1  1  0  0  0  0  0  0  0  0  0  1  0  0  0  0  0  0  0  1   0  7  1
  0  1  1  0  1  1  1  0  0  0  0  0  0  1  0  0  0  0  0  0  0  1  0  0  0   8  7  1
  0  0  0  1  0  0  0  0  0  0  1  0  0  0  1  1  1  0  0  1  0  0  0  0  0  13  6  1
  1  1  1  1  0  0  0  1  0  0  0  0  0  0  0  1  0  0  0  0  0  0  0  0  0  24  6  1
  1  0  1  1  0  0  0  0  0  0  0  0  0  0  0  0  1  0  0  1  0  0  0  0  0  16  5  1
  0  0  0  0  0  1  0  0  1  0  0  0  1  1  0  0  0  0  0  0  0  0  0  0  0  23  4  1
  0  0  0  0  0  0  0  1  0  0  1  0  1  0  0  0  0  0  0  0  1  0  0  0  0  22  4  1
  1  0  0  0  0  0  0  0  0  0  0  0  0  0  1  0  0  0  1  0  0  0  0  0  0   9  3  1
  0  0  0  0  1  0  0  0  1  0  0  0  0  0  0  0  0  0  0  0  0  1  0  0  0  10  3  1
  0  1  0  0  0  0  0  0  0  0  0  0  1  0  0  0  0  1  0  0  0  0  0  0  0  11  3  1
  0  0  0  0  0  0  0  1  1  0  0  1  0  0  0  0  0  0  0  0  0  0  0  0  0  12  3  0
  0  0  0  1  0  0  0  1  0  0  0  0  0  0  0  0  0  0  0  0  0  0  1  0  0   4  3  1
  1  0  0  0  1  0  0  0  0  1  0  0  0  0  0  0  0  0  0  0  0  0  0  0  0  15  3  0
  0  0  0  0  1  1  0  0  0  0  0  0  0  0  0  0  0  0  0  1  0  0  0  0  0   1  3  1
  0  0  1  0  1  0  1  0  0  0  0  0  0  0  0  0  0  0  0  0  0  0  0  0  0  17  3  0
  0  1  0  0  0  0  0  0  0  0  0  1  0  0  0  0  0  0  1  0  0  0  0  0  0  18  3  1
  1  0  0  0  0  0  0  0  0  1  0  0  0  0  0  0  0  1  0  0  0  0  0  0  0  20  3  0
  0  0  0  0  1  0  1  0  0  0  0  0  0  0  0  1  0  0  0  0  0  0  0  0  0  21  3  0
  1  0  0  0  0  0  0  0  1  0  0  0  0  0  0  0  0  0  0  0  0  1  0  0  0   6  3  1
  0  0  0  1  0  0  0  0  0  0  1  0  0  0  0  0  0  0  0  0  1  0  0  0  0   2  3  0
  0  1  0  0  0  0  0  0  0  0  0  0  0  1  0  0  0  0  0  0  0  0  0  1  0   3  3  1
  0  1  0  0  0  0  0  0  0  0  0  0  0  0  0  0  0  0  0  0  0  0  1  0  0  19  2  0
  1  0  1  0  0  0  0  0  0  0  0  0  0  0  0  0  0  0  0  0  0  0  0  0  0  14  2  0

 Edge Count: 50

  1  1  1  1  1  1  1  1  1  1  1  1  1  1  1  1  1  1  1  1  1  1  1  1  1

  7  5  0  8 13 24 16 23 22  9 10 11 12  4 15  1 17 18 20 21  6  2  3 19 14   V  E  R


 Required vertices: 

  7
  5
  0
  8
  13
  24
  16
  23
  22
  9
  10
  11
  4
  1
  18
  6
  3

 Total number of required vertices: 17

Run time: 0:54.25
