Results for rand-30-60.txt


 16 15  9 22 23 25 29  0 27 14  4  5 17  6  7  1 13 28  3 24 19 21 10 18 26  2 11 12 20  8   V  E  R

  0  0  1  1  1  0  0  0  1  0  0  1  0  0  0  0  0  0  0  0  0  0  1  0  0  0  0  0  1  1  16  8  1
  0  0  0  1  0  1  0  0  0  0  1  1  0  0  0  0  1  1  0  0  0  0  0  0  0  0  0  0  0  0  15  6  1
  1  0  0  1  0  0  0  0  1  0  0  0  0  1  1  0  0  0  0  0  1  0  0  0  0  0  0  0  0  0   9  6  1
  1  1  1  0  1  0  0  1  0  0  0  0  1  0  0  0  0  0  0  0  0  0  0  0  0  0  0  0  0  0  22  6  1
  1  0  0  1  0  0  1  0  0  0  0  0  0  0  0  0  0  1  0  1  0  0  0  0  0  1  0  0  0  0  23  6  1
  0  1  0  0  0  0  0  1  0  1  0  0  0  1  1  0  0  0  0  1  0  0  0  0  0  0  0  0  0  0  25  6  1
  0  0  0  0  1  0  0  0  0  1  1  0  0  0  0  1  0  0  1  0  0  0  0  0  1  0  0  0  0  0  29  6  1
  0  0  0  1  0  1  0  0  0  0  0  0  0  0  0  0  1  1  0  0  0  0  0  0  1  0  0  0  0  0   0  5  1
  1  0  1  0  0  0  0  0  0  0  0  0  0  0  1  0  1  0  0  0  0  1  0  0  0  0  0  0  0  0  27  5  1
  0  0  0  0  0  1  1  0  0  0  0  0  0  0  0  1  0  0  0  1  0  0  0  1  0  0  0  0  0  0  14  5  1
  0  1  0  0  0  0  1  0  0  0  0  0  0  0  0  0  0  0  1  0  0  0  0  0  0  0  0  1  0  0   4  4  1
  1  1  0  0  0  0  0  0  0  0  0  0  0  0  0  1  0  0  0  0  1  0  0  0  0  0  0  0  0  0   5  4  1
  0  0  0  1  0  0  0  0  0  0  0  0  0  0  0  0  0  0  0  0  0  0  1  1  0  0  1  0  0  0  17  4  1
  0  0  1  0  0  1  0  0  0  0  0  0  0  0  0  0  1  0  0  0  0  0  0  0  0  0  0  1  0  0   6  4  1
  0  0  1  0  0  1  0  0  1  0  0  0  0  0  0  0  0  0  0  0  0  0  1  0  0  0  0  0  0  0   7  4  1
  0  0  0  0  0  0  1  0  0  1  0  1  0  0  0  0  0  0  0  0  0  0  0  1  0  0  0  0  0  0   1  4  1
  0  1  0  0  0  0  0  1  1  0  0  0  0  1  0  0  0  0  0  0  0  0  0  0  0  0  0  0  0  0  13  4  0
  0  1  0  0  1  0  0  1  0  0  0  0  0  0  0  0  0  0  0  0  0  1  0  0  0  0  0  0  0  0  28  4  1
  0  0  0  0  0  0  1  0  0  0  1  0  0  0  0  0  0  0  0  0  0  1  0  0  0  0  1  0  0  0   3  4  1
  0  0  0  0  1  1  0  0  0  1  0  0  0  0  0  0  0  0  0  0  0  0  0  0  0  0  0  0  0  0  24  3  0
  0  0  1  0  0  0  0  0  0  0  0  1  0  0  0  0  0  0  0  0  0  0  0  0  0  1  0  0  0  0  19  3  1
  0  0  0  0  0  0  0  0  1  0  0  0  0  0  0  0  0  1  1  0  0  0  0  0  0  0  0  0  0  0  21  3  0
  1  0  0  0  0  0  0  0  0  0  0  0  1  0  1  0  0  0  0  0  0  0  0  0  0  0  0  0  0  0  10  3  0
  0  0  0  0  0  0  0  0  0  1  0  0  1  0  0  1  0  0  0  0  0  0  0  0  0  0  0  0  0  0  18  3  0
  0  0  0  0  0  0  1  1  0  0  0  0  0  0  0  0  0  0  0  0  0  0  0  0  0  0  0  0  0  0  26  2  0
  0  0  0  0  1  0  0  0  0  0  0  0  0  0  0  0  0  0  0  0  1  0  0  0  0  0  0  0  0  0   2  2  0
  0  0  0  0  0  0  0  0  0  0  0  0  1  0  0  0  0  0  1  0  0  0  0  0  0  0  0  0  0  0  11  2  0
  0  0  0  0  0  0  0  0  0  0  1  0  0  1  0  0  0  0  0  0  0  0  0  0  0  0  0  0  0  0  12  2  0
  1  0  0  0  0  0  0  0  0  0  0  0  0  0  0  0  0  0  0  0  0  0  0  0  0  0  0  0  0  0  20  1  0
  1  0  0  0  0  0  0  0  0  0  0  0  0  0  0  0  0  0  0  0  0  0  0  0  0  0  0  0  0  0   8  1  0

 Edge Count: 60

  1  1  1  1  1  1  1  1  1  1  1  1  1  1  1  1  1  1  1  1  1  1  1  1  1  1  1  1  1  1

 16 15  9 22 23 25 29  0 27 14  4  5 17  6  7  1 13 28  3 24 19 21 10 18 26  2 11 12 20  8   V  E  R


 Required vertices: 

  16
  15
  9
  22
  23
  25
  29
  0
  27
  14
  4
  5
  17
  6
  7
  1
  28
  3
  19

 Total number of required vertices: 19

Run time: 0:39.344
